[[2.82397264e+16 1.49689207e+16 1.08249435e+16 ... 1.08249435e+16
  1.49689207e+16 2.82397264e+16]
 [2.81929179e+16 1.49453030e+16 1.08081482e+16 ... 1.08081482e+16
  1.49453030e+16 2.81929179e+16]
 [2.81015477e+16 1.48993120e+16 1.07755008e+16 ... 1.07755008e+16
  1.48993120e+16 2.81015477e+16]
 ...
 [7.41475549e+16 3.94275833e+16 2.85897513e+16 ... 2.85897513e+16
  3.94275833e+16 7.41475549e+16]
 [7.44843147e+16 3.95993784e+16 2.87095723e+16 ... 2.87095723e+16
  3.95993784e+16 7.44843147e+16]
 [7.46528794e+16 3.96854100e+16 2.87696062e+16 ... 2.87696062e+16
  3.96854100e+16 7.46528794e+16]]